#reader(lib"read.ss""wxme")WXME0108 ## 
#|
   This file uses the GRacket editor format.
   Open this file in DrRacket version 7.2 or later to read it.

   Most likely, it was created by saving a program in DrRacket,
   and it probably contains a program with non-text elements
   (such as images or comment boxes).

            http://racket-lang.org/
|#
 33 7 #"wxtext\0"
3 1 6 #"wxtab\0"
1 1 8 #"wximage\0"
2 0 8 #"wxmedia\0"
4 1 34 #"(lib \"syntax-browser.ss\" \"mrlib\")\0"
1 0 36 #"(lib \"cache-image-snip.ss\" \"mrlib\")\0"
1 0 68
(
 #"((lib \"image-core.ss\" \"mrlib\") (lib \"image-core-wxme.rkt\" \"mr"
 #"lib\"))\0"
) 1 0 16 #"drscheme:number\0"
3 0 44 #"(lib \"number-snip.ss\" \"drscheme\" \"private\")\0"
1 0 36 #"(lib \"comment-snip.ss\" \"framework\")\0"
1 0 93
(
 #"((lib \"collapsed-snipclass.ss\" \"framework\") (lib \"collapsed-sni"
 #"pclass-wxme.ss\" \"framework\"))\0"
) 0 0 43 #"(lib \"collapsed-snipclass.ss\" \"framework\")\0"
0 0 19 #"drscheme:sexp-snip\0"
0 0 29 #"drscheme:bindings-snipclass%\0"
1 0 101
(
 #"((lib \"ellipsis-snip.rkt\" \"drracket\" \"private\") (lib \"ellipsi"
 #"s-snip-wxme.rkt\" \"drracket\" \"private\"))\0"
) 2 0 88
(
 #"((lib \"pict-snip.rkt\" \"drracket\" \"private\") (lib \"pict-snip.r"
 #"kt\" \"drracket\" \"private\"))\0"
) 0 0 55
#"((lib \"snip.rkt\" \"pict\") (lib \"snip-wxme.rkt\" \"pict\"))\0"
1 0 34 #"(lib \"bullet-snip.rkt\" \"browser\")\0"
0 0 25 #"(lib \"matrix.ss\" \"htdp\")\0"
1 0 22 #"drscheme:lambda-snip%\0"
1 0 29 #"drclickable-string-snipclass\0"
0 0 26 #"drracket:spacer-snipclass\0"
0 0 57
#"(lib \"hrule-snip.rkt\" \"macro-debugger\" \"syntax-browser\")\0"
1 0 26 #"drscheme:pict-value-snip%\0"
0 0 45 #"(lib \"image-snipr.ss\" \"slideshow\" \"private\")\0"
1 0 38 #"(lib \"pict-snipclass.ss\" \"slideshow\")\0"
2 0 55 #"(lib \"vertical-separator-snip.ss\" \"stepper\" \"private\")\0"
1 0 18 #"drscheme:xml-snip\0"
1 0 31 #"(lib \"xml-snipclass.ss\" \"xml\")\0"
1 0 21 #"drscheme:scheme-snip\0"
2 0 34 #"(lib \"scheme-snipclass.ss\" \"xml\")\0"
1 0 10 #"text-box%\0"
1 0 32 #"(lib \"text-snipclass.ss\" \"xml\")\0"
1 0 1 6 #"wxloc\0"
          0 0 57 0 1 #"\0"
0 75 1 #"\0"
0 12 90 -1 90 -1 3 -1 0 1 0 1 0 0 0 0 0 0 0 0 0 0 0 255 255 255 1 -1 0 9
#"Standard\0"
0 75 10 #"Monospace\0"
0 12 90 -1 90 -1 3 -1 0 1 0 1 0 0 0 0 0 0 0 0 0 0 0 255 255 255 1 -1 2 1
#"\0"
0 -1 1 #"\0"
1 0 -1 -1 -1 -1 -1 -1 0 0 0 0 0 0 1 1 1 1 1 1 0 0 0 0 0 0 -1 -1 2 24
#"framework:default-color\0"
0 -1 1 #"\0"
1 0 -1 -1 -1 -1 -1 -1 0 0 0 0 0 0 0 0 0 1 1 1 0 0 0 0 0 0 -1 -1 2 1
#"\0"
0 -1 1 #"\0"
1 0 -1 -1 -1 -1 -1 -1 0 0 0 0 0 0 0 0 0 1 1 1 150 0 150 0 0 0 -1 -1 2 15
#"text:ports out\0"
0 -1 1 #"\0"
1 0 -1 -1 -1 93 -1 -1 0 1 0 0 0 0 0 0 0 1 1 1 150 0 150 0 0 0 -1 -1 2 1
#"\0"
0 -1 1 #"\0"
1.0 0 -1 -1 93 -1 -1 -1 0 0 0 0 0 0 0 0 0 1.0 1.0 1.0 255 0 0 0 0 0 -1
-1 2 15 #"text:ports err\0"
0 -1 1 #"\0"
1 0 -1 -1 93 -1 -1 -1 0 1 0 0 0 0 0 0 0 1 1 1 255 0 0 0 0 0 -1 -1 2 1
#"\0"
0 -1 1 #"\0"
1 0 -1 -1 -1 -1 -1 -1 0 0 0 0 0 0 0 0 0 1 1 1 0 0 175 0 0 0 -1 -1 2 17
#"text:ports value\0"
0 -1 1 #"\0"
1 0 -1 -1 -1 93 -1 -1 0 1 0 0 0 0 0 0 0 1 1 1 0 0 175 0 0 0 -1 -1 2 1
#"\0"
0 -1 1 #"\0"
1.0 0 92 -1 -1 -1 -1 -1 0 0 0 0 0 0 0 0 0 1.0 1.0 1.0 34 139 34 0 0 0 -1
-1 2 27 #"Matching Parenthesis Style\0"
0 -1 1 #"\0"
1.0 0 92 -1 -1 -1 -1 -1 0 0 0 0 0 0 0 0 0 1.0 1.0 1.0 34 139 34 0 0 0 -1
-1 2 1 #"\0"
0 -1 1 #"\0"
1 0 -1 -1 -1 93 -1 -1 0 1 0 0 0 0 0 0 0 1 1 1 38 38 128 0 0 0 -1 -1 2 37
#"framework:syntax-color:scheme:symbol\0"
0 -1 1 #"\0"
1 0 -1 -1 -1 93 -1 -1 0 1 0 0 0 0 0 0 0 1 1 1 38 38 128 0 0 0 -1 -1 2 38
#"framework:syntax-color:scheme:keyword\0"
0 -1 1 #"\0"
1 0 -1 -1 -1 93 -1 -1 0 1 0 0 0 0 0 0 0 1 1 1 38 38 128 0 0 0 -1 -1 2 1
#"\0"
0 -1 1 #"\0"
1 0 -1 -1 -1 93 -1 -1 0 1 0 0 0 0 0 0 0 1 1 1 194 116 31 0 0 0 -1 -1 2
38 #"framework:syntax-color:scheme:comment\0"
0 -1 1 #"\0"
1 0 -1 -1 -1 93 -1 -1 0 1 0 0 0 0 0 0 0 1 1 1 194 116 31 0 0 0 -1 -1 2 1
#"\0"
0 -1 1 #"\0"
1 0 -1 -1 -1 93 -1 -1 0 1 0 0 0 0 0 0 0 1 1 1 41 128 38 0 0 0 -1 -1 2 37
#"framework:syntax-color:scheme:string\0"
0 -1 1 #"\0"
1 0 -1 -1 -1 93 -1 -1 0 1 0 0 0 0 0 0 0 1 1 1 41 128 38 0 0 0 -1 -1 2 35
#"framework:syntax-color:scheme:text\0"
0 -1 1 #"\0"
1 0 -1 -1 -1 93 -1 -1 0 1 0 0 0 0 0 0 0 1 1 1 41 128 38 0 0 0 -1 -1 2 39
#"framework:syntax-color:scheme:constant\0"
0 -1 1 #"\0"
1 0 -1 -1 -1 93 -1 -1 0 1 0 0 0 0 0 0 0 1 1 1 41 128 38 0 0 0 -1 -1 2 1
#"\0"
0 -1 1 #"\0"
1 0 -1 -1 -1 93 -1 -1 0 1 0 0 0 0 0 0 0 1 1 1 132 60 36 0 0 0 -1 -1 2 49
#"framework:syntax-color:scheme:hash-colon-keyword\0"
0 -1 1 #"\0"
1 0 -1 -1 -1 93 -1 -1 0 1 0 0 0 0 0 0 0 1 1 1 132 60 36 0 0 0 -1 -1 2 42
#"framework:syntax-color:scheme:parenthesis\0"
0 -1 1 #"\0"
1 0 -1 -1 -1 93 -1 -1 0 1 0 0 0 0 0 0 0 1 1 1 132 60 36 0 0 0 -1 -1 2 1
#"\0"
0 -1 1 #"\0"
1 0 -1 -1 -1 93 -1 -1 0 1 0 0 0 0 0 0 0 1 1 1 255 0 0 0 0 0 -1 -1 2 36
#"framework:syntax-color:scheme:error\0"
0 -1 1 #"\0"
1 0 -1 -1 -1 93 -1 -1 0 1 0 0 0 0 0 0 0 1 1 1 255 0 0 0 0 0 -1 -1 2 1
#"\0"
0 -1 1 #"\0"
1 0 -1 -1 -1 93 -1 -1 0 1 0 0 0 0 0 0 0 1 1 1 0 0 0 0 0 0 -1 -1 2 36
#"framework:syntax-color:scheme:other\0"
0 -1 1 #"\0"
1 0 -1 -1 -1 93 -1 -1 0 1 0 0 0 0 0 0 0 1 1 1 0 0 0 0 0 0 -1 -1 2 16
#"Misspelled Text\0"
0 -1 1 #"\0"
1 0 -1 -1 -1 -1 -1 -1 0 0 0 0 0 0 0 0 0 1 1 1 0 0 0 0 0 0 -1 -1 2 1
#"\0"
0 -1 1 #"\0"
1 0 -1 -1 -1 93 -1 -1 0 1 0 0 0 0 0 0 0 1 1 1 81 112 203 0 0 0 -1 -1 2
38 #"drracket:check-syntax:lexically-bound\0"
0 -1 1 #"\0"
1 0 -1 -1 -1 93 -1 -1 0 1 0 0 0 0 0 0 0 1 1 1 81 112 203 0 0 0 -1 -1 2 1
#"\0"
0 -1 1 #"\0"
1 0 -1 -1 -1 93 -1 -1 0 1 0 0 0 0 0 0 0 1 1 1 178 34 34 0 0 0 -1 -1 2 28
#"drracket:check-syntax:set!d\0"
0 -1 1 #"\0"
1 0 -1 -1 -1 93 -1 -1 0 1 0 0 0 0 0 0 0 1 1 1 178 34 34 0 0 0 -1 -1 2 37
#"drracket:check-syntax:unused-require\0"
0 -1 1 #"\0"
1 0 -1 -1 -1 93 -1 -1 0 1 0 0 0 0 0 0 0 1 1 1 255 0 0 0 0 0 -1 -1 2 36
#"drracket:check-syntax:free-variable\0"
0 -1 1 #"\0"
1 0 -1 -1 -1 93 -1 -1 0 1 0 0 0 0 0 0 0 1 1 1 255 0 0 0 0 0 -1 -1 2 1
#"\0"
0 -1 1 #"\0"
1 0 -1 -1 -1 93 -1 -1 0 1 0 0 0 0 0 0 0 1 1 1 68 0 203 0 0 0 -1 -1 2 31
#"drracket:check-syntax:imported\0"
0 -1 1 #"\0"
1 0 -1 -1 -1 93 -1 -1 0 1 0 0 0 0 0 0 0 1 1 1 68 0 203 0 0 0 -1 -1 2 47
#"drracket:check-syntax:my-obligation-style-pref\0"
0 -1 1 #"\0"
1 0 -1 -1 -1 93 -1 -1 0 1 0 0 0 0 0 0 0 1 1 1 178 34 34 0 0 0 -1 -1 2 1
#"\0"
0 -1 1 #"\0"
1 0 -1 -1 -1 93 -1 -1 0 1 0 0 0 0 0 0 0 1 1 1 0 116 0 0 0 0 -1 -1 2 50
#"drracket:check-syntax:their-obligation-style-pref\0"
0 -1 1 #"\0"
1 0 -1 -1 -1 93 -1 -1 0 1 0 0 0 0 0 0 0 1 1 1 0 116 0 0 0 0 -1 -1 2 48
#"drracket:check-syntax:unk-obligation-style-pref\0"
0 -1 1 #"\0"
1 0 -1 -1 -1 93 -1 -1 0 1 0 0 0 0 0 0 0 1 1 1 0 0 0 0 0 0 -1 -1 2 1
#"\0"
0 -1 1 #"\0"
1 0 -1 -1 -1 93 -1 -1 0 1 0 0 0 0 0 0 0 1 1 1 139 142 28 0 0 0 -1 -1 2
49 #"drracket:check-syntax:both-obligation-style-pref\0"
0 -1 1 #"\0"
1 0 -1 -1 -1 93 -1 -1 0 1 0 0 0 0 0 0 0 1 1 1 139 142 28 0 0 0 -1 -1 2
26 #"plt:htdp:test-coverage-on\0"
0 -1 1 #"\0"
1 0 -1 -1 -1 93 -1 -1 0 1 0 0 0 0 0 0 0 1 1 1 0 0 0 0 0 0 -1 -1 2 1
#"\0"
0 -1 1 #"\0"
1 0 -1 -1 -1 93 -1 -1 0 1 0 0 0 1 0 0 0 0 0 0 255 165 0 0 0 0 -1 -1 2 27
#"plt:htdp:test-coverage-off\0"
0 -1 1 #"\0"
1 0 -1 -1 -1 93 -1 -1 0 1 0 0 0 1 0 0 0 0 0 0 255 165 0 0 0 0 -1 -1 4 1
#"\0"
0 70 1 #"\0"
1.0 0 -1 -1 -1 -1 -1 -1 0 0 0 0 0 0 1.0 1.0 1.0 1.0 1.0 1.0 0 0 0 0 0 0
-1 -1 4 4 #"XML\0"
0 70 1 #"\0"
1.0 0 -1 -1 -1 -1 -1 -1 0 0 0 0 0 0 1.0 1.0 1.0 1.0 1.0 1.0 0 0 0 0 0 0
-1 -1 2 37 #"plt:module-language:test-coverage-on\0"
0 -1 1 #"\0"
1 0 -1 -1 -1 93 -1 -1 0 1 0 0 0 0 0 0 0 1 1 1 0 0 0 0 0 0 -1 -1 2 38
#"plt:module-language:test-coverage-off\0"
0 -1 1 #"\0"
1 0 -1 -1 -1 93 -1 -1 0 1 0 0 0 1 0 0 0 0 0 0 255 165 0 0 0 0 -1 -1 4 1
#"\0"
0 71 1 #"\0"
1.0 0 -1 -1 -1 -1 -1 -1 0 0 0 0 0 0 1.0 1.0 1.0 1.0 1.0 1.0 0 0 0 0 0 0
-1 -1 4 1 #"\0"
0 -1 1 #"\0"
1.0 0 -1 -1 -1 -1 -1 -1 1 0 0 0 0 0 0 0 0 1.0 1.0 1.0 0 0 255 0 0 0 -1
-1 4 1 #"\0"
0 71 1 #"\0"
1.0 0 -1 -1 -1 -1 -1 -1 1 0 0 0 0 0 0 0 0 1.0 1.0 1.0 0 0 255 0 0 0 -1
-1 4 1 #"\0"
0 71 1 #"\0"
1.0 0 -1 -1 -1 -1 -1 -1 0 0 0 0 0 0 0 0 0 1.0 1.0 1.0 0 100 0 0 0 0 -1
-1 2 1 #"\0"
0 -1 1 #"\0"
1.0 0 -1 -1 -1 -1 -1 -1 1 0 0 0 0 0 1.0 1.0 1.0 1.0 1.0 1.0 0 0 0 0 0 0
-1 -1 2 1 #"\0"
0 -1 1 #"\0"
1.0 0 -1 -1 -1 -1 -1 -1 1 0 0 0 0 0 0 0 0 1.0 1.0 1.0 65 105 225 0 0 0
-1 -1           0 72 0 4 3 85
(
 #";; The first three lines of this file were inserted by DrRacket. The"
 #"y record metadata"
) 0 0 4 29 1 #"\n"
0 0 4 3 85
(
 #";; about the language level of this file in a form that our tools ca"
 #"n easily process."
) 0 0 4 29 1 #"\n"
0 0 4 3 182
(
 #"#reader(lib \"htdp-beginner-reader.ss\" \"lang\")((modname |image ar"
 #"ea|) (read-case-sensitive #t) (teachpacks ()) (htdp-settings #(#t co"
 #"nstructor repeating-decimal #f #t none #f () #f)))"
) 0 0 4 29 1 #"\n"
0 0 24 3 1 #"("
0 0 15 3 7 #"require"
0 0 24 3 1 #" "
0 0 14 3 11 #"2htdp/image"
0 0 24 3 1 #")"
0 0 24 29 1 #"\n"
0 0 24 29 1 #"\n"
0 0 17 3 19 #";; Image -> Natural"
0 0 24 29 1 #"\n"
0 0 17 3 70
(
 #";; Given an Image, get side lengths, multiply together to produce ar"
 #"ea"
) 0 0 24 29 1 #"\n"
0 0 24 29 1 #"\n"
0 0 24 3 1 #"("
0 0 14 3 12 #"check-expect"
0 0 24 3 2 #" ("
0 0 14 3 4 #"area"
0 0 24 3 1 #" "
0 2          25 21 1 #"\0"
2 -1.0 -1.0 0.0 0.0 0           7 500
(
 #"\211PNG\r\n\32\n\0\0\0\rIHDR\0\0\08\0\0\0\37\b"
 #"\6\0\0\0\262/\16\220\0\0\v\276IDATX\205\315\230\311o\\\311}"
 #"\307?\277\252zKw\263Iq\323F"
 #"\211\32\212\224\206\326\256\3315ci\222\311d&cL|I\202\300\200/A\200"
 #"\374\1Ar\310\315\27\237\222c\16I\20 \310!H\0\a\271d`#ql"
 #"\303\313\300VF\243Y\244H\32j!"
 #"C\255\344\220\24\227\356&\273\337\253\372"
 #"\345\360\272\311\246F\32\17\20\ev\1"
 #"E\260\253~\365\333\337{\365\375\312\315"
 #"\351\\\3715\35\343\0c\356\211\373\177"
 #"\a\374\311\317\321!?\375\250\361k\e"
 #"\340/b\270\325\365\360\253\366\341\227:"
 #"\334\332F\353W\355\303/u\270Z=\a\24A\201\255n-\376\223\2565\351\232"
 #"\235U\335\374\2759d\273\36\332\332\267"
 #"\344\364\221\23\372\330\325\216\274l\211t"
 #"\311w\353\v\305\232tmw\351r\352\35\20\20QT}{j;\344v\200\306"
 #"\264\17\32\300\2\202\22@\272\23\321\321"
 #"\0366\247\n\240\6\305\240b6\375\350$S\272\322\24D\272\22!\305_\225m"
 #"\241t'[\324\266\177{\20\337\266\331\361Q\320\20\20cpy^(QQ\274"
 #"\317\211\"\213\252\222\347\236(N\b\252"
 #"\4\257\305A\355\270'\250\30\24}$"
 #"\363\2\262\275\322`\3322\246\253*\235"
 #"Dt\a\270\275\322\235\340\254v\302\245"
 #"mO\21\f\202\1U\220\320\326\335It;@\25D\5\347U\20\204\20\24#"
 #"\216,\313\251\224+\30\311ie\1\21"
 #"\213\310\226s\272\331\16\355\214\213vu"
 #"\220\200\332\256_[}\260\25`'p\217v\325\177{\245\nKF\301\264\375\353"
 #"$\302\313Vg\211t\364n\5\250\241\320\24\202\a\24\227\253-L{O"
 #"\24G<\270\377)\377\364\37\377\302\304\304a\236{\356\5\254\263\4\335j"
) 500
(
 #"=\225\320n\f\203J\273U;A\253\1bT-\210\"\252X<B\330\252\235"
 #"ZT,a\263\262 \4\220\34\360\310f\340B\300 Z\314\315\272K\321\372\322"
 #"U\331\255\312\0314@P0b\361!\34001\250o\267\226em\255\311\273?"
 #"9O\326\2023/\236#\212\22\274\317"
 #"\311\363&H\300\230\0\306\342\305\320\314"
 #"sB\3100\26\254\21\254M\361\271\303\271\22>x\362V\235\310)N<N\266"
 #"\234\306%\324[1*\240\1b\vF\352D\256\205\206&\252\36\257\26!A4"
 #"\"\344`m\214\30h\371\302\217\342q1\4\25B(\366}\256\210\b\316\30T"
 #"\3\316J\21\240h \262\21B\340\300"
 #"\350A\376\374\317\376\202J\271B\344bZ\315&i\32SJS\214U\254Q\324"
 #"\bM/\230\26\204\20p\221!\216\v\207\214\224\251\327!\250\301\32K\32Cl"
 #"\2\221)\2\364X\32\255\200\213 W\b\241\235[\357\201&\345D\t\32\bX"
 #"l\24\221\265\34\231\30T\v\247\223\310"
 #"\240\352I\313)\336\203\17\26\357\r\32"
 #"\34h\361X\372<\307\272\30\0\267V"
 #"\337\300\252\307\346-b+\254\327j\314"
 #"\317-24\b\265\265\32b\2\323\267"
 #"\256\262\2742\317\316\235\3\324k5n"
 #"\334\272\305\342\322*\373\17\214rp\342"
 #"\0.\22\246\246\256p\343\372m*\345Q\306\307Opp\3620I\254|\272:"
 #"\317\374\235\e\\\275|\221\225\3455\222"
 #"\312 \222\f2q\342\313\354\3317\16\336\223G\1\23j,/L3}\353#"
 #"\246g\246\250\366\356 )\r\20\225v"
 #"\323?\270\217\335\273G\30\350\353\241\234"
 #"\344\334\275s\223O\246\247\230\231\275C\3601\373F\16q\352\324+T{\6\t"
 #"\36\234\2634\327[@\300-\257l`\311\321\254N)\262\254,=\344"
 #"\333\337\371O\216NN2<\320G\271\344\231\271q\211\v\37}\310\256"
) 500
(
 #"\221}\254\325Z\334\230\232b\355\301,"
 #"#c\243\334\277w\202R\265\312\305\217/q\357\342\5 \346\356K\277CZ\216"
 #"\31\34\32\244\276\332\340\322\225\333|\357\277~Fk\345!\224{ 8\356=\\"
 #"\343\265\327\337\244\277\332Cm#gue\201\17.\\\340\302{?f\345\366u"
 #"\312\203\25\304\226\210\373\306x\352\3203"
 #"\234z\266\202\27\2136\356p\351\303w"
 #"y\357\342\273\334\233\231\1\2370\260\377"
 #"\4\221\35\346\340\370I\\\344\210\"!"
 #"d\253\210\344\330W\336\372\3067\2 "
 #"NpI\314\342\322\n?\374\301\217\330"
 #"58\314\251/\215S\215k\334\271\375\tWn\316r\371\375Op\203\207x\363"
 #"\215\337\345\370\304n\26\357\317\362\336\371"
 #"\17\231Ylq\344\371\2678v\366-<\353\230P#r\t\303\273\16\260\341+"
 #"4\251r\362\231W8\373\333_\341\310\311\243\314?|@\226-RI7\3303"
 #"h\t\276\301\305K\327\371\356\277\377\200"
 #"\241\375\307\370\303\257\377\21\347^8\212"
 #"\301s{\256Fy\340\0=\273\16\23"
 #"\225\252|\374\376\367\231\275u\221\235;"
 #"\204?\370\375\2678~\352(\242)SSu\220!v\357\333M\226\345\370|\205"
 #"R\2528k\"T\2\241\375\342\316\203\242A\321< >G\362\32\241\265F+"
 #"k\3217\376%&O\274\302\301\247\217"
 #"R\255G\334\274\362\0014=G\217\277"
 #"\304\221\323\277A\32+\255\345)\226\356"
 #"^\247\2616\a\331\32\203\375\243\270\244"
 #"J\2469\255l\205\365\332\"D\206\254"
 #"\271\b\255\a\304:\304\334\247\rn\317"
 #"\316\20\r\357\343\300\3043L<\375\34"
 #"\303\356\26\e\365e\356\257\335\301D1"
 #"&\351\245\221\tW\256]e\345\356\r"
 #"\306\367W\331\250\257\321X7|\272\260"
 #"\304\215\17\346\350\337u\202\323\366i\36\334[dea\212"
 #"\365\332<.\216\4\304\200\215I\"\301\0310\2428 u"
) 500
(
 #"\26\253\201\254\325\304\30\303\253\257\376&"
 #"\a\217>K\234\306T\350\243\247\247\227dh//\277|\216=c;\230\233\253"
 #"!IJ\251Z\242R\312\250\270\25\22"
 #"\235\243\356\225\377\231]b\255\331`u"
 #"\341.-\257\364\2471\246U\247\307m0\2758Kci\216\311C'\31\35;"
 #"\0046F50\260\243\207\261\247\3661"
 #"\273\234C\310\360\231\347\376\235\333\204\325"
 #"U\32;\373\270<u\237\214\35\324\363\4J\nQ\2161\320l\254s\377\356<"
 #"\v\363\2638k\3J J\35\211\23\342\330\229\203s\20\307\26g\r\"J"
 #"\234$E\225\265x\373\271$\305\330\4"
 #"\260d\231\247\225\201\27%\351\251P["
 #"\360XS\247'\251q\353\372u\276\363"
 #"\223\313\3144\373\2308~\212\211\311I"
 #"\"\226\221\265i\214\4\222\330b\254R)GD6P.9z{K\224}\4"
 #"\222\341\375\6\306D\204\320BL\f\22"
 #"\350\351\333\301\211\323g\350\335\261\a["
 #"\36a\244\346x\351\265a\366\3549\210"
 #"\n\f\356\354\247\224\236d\275q\0\227"
 #"\224\35.\262x\255\23'\226\264\34\343\311\b\222cbpQ\204\211-\336xL"
 #"j!R\242\262\20Q\301\eG\36\2\30\210\313\220f1\301Z\304\31D\32\244"
 #"Q\215\333\267.\360\311\345\367\30;\3675N={\234\275Ce\246\257\375\24+"
 #"\212KKh\322\303\320\310(\325[9\27/_\240w`\210\323\223=,<\234"
 #"\345\342\307\3479\177i\221}G^\243"
 #"\267\277\207\376\276\22{\367\357f}q"
 #"\235\345\325\2143g\317\32038\301j"
 #"\323\322\310\24\353\"4\207\336\341*\375"
 #"C)\202\307%ep\261\20H\250\224\"\\b\t\342\311h\21\367$T\312U"
 #"\\)\241\25r\242\324\3227\220R\255BY{Q\347\360\242\244\345\210r"
 #"\5\352-K\24G\330$A]\vWJ\300\5\224&C;bR\323`"
) 500
(
 #"ea\211\215\3722\e\313K<\34*\3210=\364\215\f\262wL\371\331\305\253"
 #"\374\357\255\213||1\307n\\\345\306"
 #"\364',\337\2531r\314\23\245\226\341"
 #"\335U\236\177\351\5\256\276_c~\341"
 #"\1\17\346\3571 \275,7\240\211\245\267\177\220\276\336\4!nOp\345^0"
 #"\26Z>\"*\203\304\216\320XCJ\216\270Z\".g\330RBRI\261\21"
 #"\3308'\2558\22Jx\3\344\eTz\23\6\a\241\231;\214@3\203VO"
 #"\225h`\224\223_~\203\233\213\201\363"
 #"\337\376\26\347\377\371\37`\367\0G\217"
 #"\215s\177\376>337\331s\344\25"
 #"\236{\361U\316\274~\220\244\322\313\367"
 #"\336\371W\376\376o\336\341\354\213\a\30"
 #"=\270\237\352\330^|9E\"\241w\0\336x\353Mz\343\25~\364\375\357\361"
 #"W\337\374Sh\246\3207\212\e<\300"
 #"W\177\357k|\345\253\317\263\261\1\246"
 #"}Av\352\212\373\261\261\220\3}\303"
 #"}\274\375\307_gt\3170\255\304\262"
 #"\252\226\211\223\317\361\346\320!\16\36=B\\V0\220I\340\331s/3th"
 #"\222\341=}\324j\220\3060y\3440#;+\364\224b\262\244\237\275\207O\360"
 #"\372\333\t\375\373>faa\201\341\201"
 #">\216\34{\232CG\307\231{\270\306"
 #"\216\275c\220V\31\256\356\340\3657\316"
 #"\262\257?gn\366\20\307\217\355\347\332"
 #"\364m\356\\]\302\246-\202n\20\245"
 #"\320_\336\305\351\227\317\340R\303\265\261"
 #")\352\353\16\227\356\244g`\214\261\361"
 #"\21\\\4&g\23Y\311\337\376\267\252*t\340Kl-V\200\340\21\315\260\222"
 #"\265o\361\21\236\b5\26\243`C\23+\20\304\342\261\4\21\202*Ns\254P"
 #"\\\222;\267O\321\366\5\272\270t\253*y\b\344\b-\211\20\240\265\266"
 #"\304\372\342=ze\203r\354\t\222\361o\357|\227\37^\230\341\231\263os"
) 500
(
 #"\372\314o\261gd7\275\245\6NkD\222aD@\23\2242AK\233/\301"
 #"\20\332W\266\20p\270|\eL\361\222\23D\300\248K5*@:\202j\6"
 #"!+\24\331\16HRD|\221-\241\270\374b@,\32\300\30\3\344\210\204\2"
 #"\2\250\24X\316F\bB\201+<\327g\256\361\327\177\371M\326o^\201JZ"
 #"|\2722K\345\351\278\365\354iF"
 #"\237\332E\224\202\32\307z\313\222\2336"
 #"\n\302\266\301B\6\32\25H\303\202\22"
 #"\260\4\\T\262\210\0214\264\301\247v"
 #"@\214\375\f\211\320\221\1\20\263\265+"
 #"\322\r[\272\30\206@\eRE\200 \342\333Y\27\214Z\214\b\16\260\4\306\306"
 #"Fx\365\265s|z\370\0`\310MJ\337\316\375\214M\236ft\342 }\303"
 #"Bc\3\214\263\305\vD\222\2\"m\243(B\221<\nt\3\6\371\307\233\5"
 #"/j\332-\346}\273\32j\20\21D\314f0\322\25q'\276\256\230Qm3"
 #"&\322\251m\327\354\320!!`\305\340$.Z\231\34KN\"\201J\32S_"
 #"Ya}#\303\304U\\\251\202-\301r\3\362ve\4\305g9\256\335\332\322"
 #"M\31Q\300/\240\r\305\24\371\326}\377\b/\272\305\232|\336\320\307\b<J"
 #"7iW\240\335R\202\264\1kAh\30\365\30|\333r\1\215\300\22\4<\5"
 #"\235\21\332\3726\321\177\347%\362D\a"
 #"\213=\27G\335n\311&\232\336\316\204"
 #"}v\204\317\311\300\346\326\23\216oZ"
 #"S\272p}\a\265\27\244\326v\26\347"
 #"\321$=\331\263\315\207\245\363\231\250\226"
 #"\3556\1\225G\252\360\244 >'\300m\306?#'\233v\212\321\246\32\36s"
 #"\266\2332|r\252?k\267[\326\225"
 #"\37\241\376\37\365\347\21\232qk"
 #"\375\t\204\370\343\331\315\307\234\357\314G\332X\272\5"
 #"\330NF}\241 \273\333\3\305\335\276v\3511\306\277"
) 63
(
 #"\210\252/`lK\341\266\325\202\215{\\\247\310\347Z\376\342^m}\302\334G"
 #"\357\376\370\v\37\373\377\217\255Z\374\274g\374\0275\376\17\370"
 #"\6\36\0)L\231\254\0\0\0\0IEND\256B`\202"
) 0 0 24 3 2 #") "
0 0 21 3 4 #"1736"
0 0 24 3 1 #")"
0 0 24 29 1 #"\n"
0 0 24 29 1 #"\n"
0 0 17 3 2 #";("
0 0 17 3 6 #"define"
0 0 17 3 2 #" ("
0 0 17 3 4 #"area"
0 0 17 3 1 #" "
0 0 17 3 1 #"i"
0 0 17 3 2 #") "
0 0 17 3 3 #"0) "
0 0 17 3 5 #";stub"
0 0 24 29 1 #"\n"
0 0 24 29 1 #"\n"
0 0 17 3 2 #";("
0 0 17 3 6 #"define"
0 0 17 3 2 #" ("
0 0 17 3 4 #"area"
0 0 17 3 1 #" "
0 0 17 3 11 #"i) template"
0 0 24 29 1 #"\n"
0 0 17 3 4 #";  ("
0 0 17 3 3 #"..."
0 0 17 3 1 #" "
0 0 17 3 3 #"i))"
0 0 24 29 1 #"\n"
0 0 24 29 1 #"\n"
0 0 24 3 1 #"("
0 0 15 3 6 #"define"
0 0 24 3 2 #" ("
0 0 14 3 4 #"area"
0 0 24 3 1 #" "
0 0 14 3 1 #"i"
0 0 24 3 1 #")"
0 0 24 29 1 #"\n"
0 0 24 3 3 #"  ("
0 0 14 3 1 #"*"
0 0 24 3 2 #" ("
0 0 14 3 12 #"image-height"
0 0 24 3 1 #" "
0 0 14 3 1 #"i"
0 0 24 3 3 #") ("
0 0 14 3 11 #"image-width"
0 0 24 3 1 #" "
0 0 14 3 1 #"i"
0 0 24 3 3 #")))"
0           0
