#reader(lib"read.ss""wxme")WXME0108 ## 
#|
   This file uses the GRacket editor format.
   Open this file in DrRacket version 7.2 or later to read it.

   Most likely, it was created by saving a program in DrRacket,
   and it probably contains a program with non-text elements
   (such as images or comment boxes).

            http://racket-lang.org/
|#
 33 7 #"wxtext\0"
3 1 6 #"wxtab\0"
1 1 8 #"wximage\0"
2 0 8 #"wxmedia\0"
4 1 34 #"(lib \"syntax-browser.ss\" \"mrlib\")\0"
1 0 36 #"(lib \"cache-image-snip.ss\" \"mrlib\")\0"
1 0 68
(
 #"((lib \"image-core.ss\" \"mrlib\") (lib \"image-core-wxme.rkt\" \"mr"
 #"lib\"))\0"
) 1 0 16 #"drscheme:number\0"
3 0 44 #"(lib \"number-snip.ss\" \"drscheme\" \"private\")\0"
1 0 36 #"(lib \"comment-snip.ss\" \"framework\")\0"
1 0 93
(
 #"((lib \"collapsed-snipclass.ss\" \"framework\") (lib \"collapsed-sni"
 #"pclass-wxme.ss\" \"framework\"))\0"
) 0 0 43 #"(lib \"collapsed-snipclass.ss\" \"framework\")\0"
0 0 19 #"drscheme:sexp-snip\0"
0 0 29 #"drscheme:bindings-snipclass%\0"
1 0 101
(
 #"((lib \"ellipsis-snip.rkt\" \"drracket\" \"private\") (lib \"ellipsi"
 #"s-snip-wxme.rkt\" \"drracket\" \"private\"))\0"
) 2 0 88
(
 #"((lib \"pict-snip.rkt\" \"drracket\" \"private\") (lib \"pict-snip.r"
 #"kt\" \"drracket\" \"private\"))\0"
) 0 0 55
#"((lib \"snip.rkt\" \"pict\") (lib \"snip-wxme.rkt\" \"pict\"))\0"
1 0 34 #"(lib \"bullet-snip.rkt\" \"browser\")\0"
0 0 25 #"(lib \"matrix.ss\" \"htdp\")\0"
1 0 22 #"drscheme:lambda-snip%\0"
1 0 29 #"drclickable-string-snipclass\0"
0 0 26 #"drracket:spacer-snipclass\0"
0 0 57
#"(lib \"hrule-snip.rkt\" \"macro-debugger\" \"syntax-browser\")\0"
1 0 26 #"drscheme:pict-value-snip%\0"
0 0 45 #"(lib \"image-snipr.ss\" \"slideshow\" \"private\")\0"
1 0 38 #"(lib \"pict-snipclass.ss\" \"slideshow\")\0"
2 0 55 #"(lib \"vertical-separator-snip.ss\" \"stepper\" \"private\")\0"
1 0 18 #"drscheme:xml-snip\0"
1 0 31 #"(lib \"xml-snipclass.ss\" \"xml\")\0"
1 0 21 #"drscheme:scheme-snip\0"
2 0 34 #"(lib \"scheme-snipclass.ss\" \"xml\")\0"
1 0 10 #"text-box%\0"
1 0 32 #"(lib \"text-snipclass.ss\" \"xml\")\0"
1 0 1 6 #"wxloc\0"
          0 0 64 0 1 #"\0"
0 75 1 #"\0"
0 12 90 -1 90 -1 3 -1 0 1 0 1 0 0 0 0 0 0 0 0 0 0 0 255 255 255 1 -1 0 9
#"Standard\0"
0 75 10 #"Monospace\0"
0 12 90 -1 90 -1 3 -1 0 1 0 1 0 0 0 0 0 0 0 0 0 0 0 255 255 255 1 -1 2 1
#"\0"
0 -1 1 #"\0"
1 0 -1 -1 -1 -1 -1 -1 0 0 0 0 0 0 1 1 1 1 1 1 0 0 0 0 0 0 -1 -1 2 24
#"framework:default-color\0"
0 -1 1 #"\0"
1 0 -1 -1 -1 -1 -1 -1 0 0 0 0 0 0 0 0 0 1 1 1 0 0 0 0 0 0 -1 -1 2 1
#"\0"
0 -1 1 #"\0"
1 0 -1 -1 -1 -1 -1 -1 0 0 0 0 0 0 0 0 0 1 1 1 150 0 150 0 0 0 -1 -1 2 15
#"text:ports out\0"
0 -1 1 #"\0"
1 0 -1 -1 -1 93 -1 -1 0 1 0 0 0 0 0 0 0 1 1 1 150 0 150 0 0 0 -1 -1 2 1
#"\0"
0 -1 1 #"\0"
1.0 0 -1 -1 93 -1 -1 -1 0 0 0 0 0 0 0 0 0 1.0 1.0 1.0 255 0 0 0 0 0 -1
-1 2 15 #"text:ports err\0"
0 -1 1 #"\0"
1 0 -1 -1 93 -1 -1 -1 0 1 0 0 0 0 0 0 0 1 1 1 255 0 0 0 0 0 -1 -1 2 1
#"\0"
0 -1 1 #"\0"
1 0 -1 -1 -1 -1 -1 -1 0 0 0 0 0 0 0 0 0 1 1 1 0 0 175 0 0 0 -1 -1 2 17
#"text:ports value\0"
0 -1 1 #"\0"
1 0 -1 -1 -1 93 -1 -1 0 1 0 0 0 0 0 0 0 1 1 1 0 0 175 0 0 0 -1 -1 2 1
#"\0"
0 -1 1 #"\0"
1.0 0 92 -1 -1 -1 -1 -1 0 0 0 0 0 0 0 0 0 1.0 1.0 1.0 34 139 34 0 0 0 -1
-1 2 27 #"Matching Parenthesis Style\0"
0 -1 1 #"\0"
1.0 0 92 -1 -1 -1 -1 -1 0 0 0 0 0 0 0 0 0 1.0 1.0 1.0 34 139 34 0 0 0 -1
-1 2 1 #"\0"
0 -1 1 #"\0"
1 0 -1 -1 -1 93 -1 -1 0 1 0 0 0 0 0 0 0 1 1 1 38 38 128 0 0 0 -1 -1 2 37
#"framework:syntax-color:scheme:symbol\0"
0 -1 1 #"\0"
1 0 -1 -1 -1 93 -1 -1 0 1 0 0 0 0 0 0 0 1 1 1 38 38 128 0 0 0 -1 -1 2 38
#"framework:syntax-color:scheme:keyword\0"
0 -1 1 #"\0"
1 0 -1 -1 -1 93 -1 -1 0 1 0 0 0 0 0 0 0 1 1 1 38 38 128 0 0 0 -1 -1 2 1
#"\0"
0 -1 1 #"\0"
1 0 -1 -1 -1 93 -1 -1 0 1 0 0 0 0 0 0 0 1 1 1 194 116 31 0 0 0 -1 -1 2
38 #"framework:syntax-color:scheme:comment\0"
0 -1 1 #"\0"
1 0 -1 -1 -1 93 -1 -1 0 1 0 0 0 0 0 0 0 1 1 1 194 116 31 0 0 0 -1 -1 2 1
#"\0"
0 -1 1 #"\0"
1 0 -1 -1 -1 93 -1 -1 0 1 0 0 0 0 0 0 0 1 1 1 41 128 38 0 0 0 -1 -1 2 37
#"framework:syntax-color:scheme:string\0"
0 -1 1 #"\0"
1 0 -1 -1 -1 93 -1 -1 0 1 0 0 0 0 0 0 0 1 1 1 41 128 38 0 0 0 -1 -1 2 35
#"framework:syntax-color:scheme:text\0"
0 -1 1 #"\0"
1 0 -1 -1 -1 93 -1 -1 0 1 0 0 0 0 0 0 0 1 1 1 41 128 38 0 0 0 -1 -1 2 39
#"framework:syntax-color:scheme:constant\0"
0 -1 1 #"\0"
1 0 -1 -1 -1 93 -1 -1 0 1 0 0 0 0 0 0 0 1 1 1 41 128 38 0 0 0 -1 -1 2 1
#"\0"
0 -1 1 #"\0"
1 0 -1 -1 -1 93 -1 -1 0 1 0 0 0 0 0 0 0 1 1 1 132 60 36 0 0 0 -1 -1 2 49
#"framework:syntax-color:scheme:hash-colon-keyword\0"
0 -1 1 #"\0"
1 0 -1 -1 -1 93 -1 -1 0 1 0 0 0 0 0 0 0 1 1 1 132 60 36 0 0 0 -1 -1 2 42
#"framework:syntax-color:scheme:parenthesis\0"
0 -1 1 #"\0"
1 0 -1 -1 -1 93 -1 -1 0 1 0 0 0 0 0 0 0 1 1 1 132 60 36 0 0 0 -1 -1 2 1
#"\0"
0 -1 1 #"\0"
1 0 -1 -1 -1 93 -1 -1 0 1 0 0 0 0 0 0 0 1 1 1 255 0 0 0 0 0 -1 -1 2 36
#"framework:syntax-color:scheme:error\0"
0 -1 1 #"\0"
1 0 -1 -1 -1 93 -1 -1 0 1 0 0 0 0 0 0 0 1 1 1 255 0 0 0 0 0 -1 -1 2 1
#"\0"
0 -1 1 #"\0"
1 0 -1 -1 -1 93 -1 -1 0 1 0 0 0 0 0 0 0 1 1 1 0 0 0 0 0 0 -1 -1 2 36
#"framework:syntax-color:scheme:other\0"
0 -1 1 #"\0"
1 0 -1 -1 -1 93 -1 -1 0 1 0 0 0 0 0 0 0 1 1 1 0 0 0 0 0 0 -1 -1 2 16
#"Misspelled Text\0"
0 -1 1 #"\0"
1 0 -1 -1 -1 -1 -1 -1 0 0 0 0 0 0 0 0 0 1 1 1 0 0 0 0 0 0 -1 -1 2 1
#"\0"
0 -1 1 #"\0"
1 0 -1 -1 -1 93 -1 -1 0 1 0 0 0 0 0 0 0 1 1 1 81 112 203 0 0 0 -1 -1 2
38 #"drracket:check-syntax:lexically-bound\0"
0 -1 1 #"\0"
1 0 -1 -1 -1 93 -1 -1 0 1 0 0 0 0 0 0 0 1 1 1 81 112 203 0 0 0 -1 -1 2 1
#"\0"
0 -1 1 #"\0"
1 0 -1 -1 -1 93 -1 -1 0 1 0 0 0 0 0 0 0 1 1 1 178 34 34 0 0 0 -1 -1 2 28
#"drracket:check-syntax:set!d\0"
0 -1 1 #"\0"
1 0 -1 -1 -1 93 -1 -1 0 1 0 0 0 0 0 0 0 1 1 1 178 34 34 0 0 0 -1 -1 2 37
#"drracket:check-syntax:unused-require\0"
0 -1 1 #"\0"
1 0 -1 -1 -1 93 -1 -1 0 1 0 0 0 0 0 0 0 1 1 1 255 0 0 0 0 0 -1 -1 2 36
#"drracket:check-syntax:free-variable\0"
0 -1 1 #"\0"
1 0 -1 -1 -1 93 -1 -1 0 1 0 0 0 0 0 0 0 1 1 1 255 0 0 0 0 0 -1 -1 2 1
#"\0"
0 -1 1 #"\0"
1 0 -1 -1 -1 93 -1 -1 0 1 0 0 0 0 0 0 0 1 1 1 68 0 203 0 0 0 -1 -1 2 31
#"drracket:check-syntax:imported\0"
0 -1 1 #"\0"
1 0 -1 -1 -1 93 -1 -1 0 1 0 0 0 0 0 0 0 1 1 1 68 0 203 0 0 0 -1 -1 2 47
#"drracket:check-syntax:my-obligation-style-pref\0"
0 -1 1 #"\0"
1 0 -1 -1 -1 93 -1 -1 0 1 0 0 0 0 0 0 0 1 1 1 178 34 34 0 0 0 -1 -1 2 1
#"\0"
0 -1 1 #"\0"
1 0 -1 -1 -1 93 -1 -1 0 1 0 0 0 0 0 0 0 1 1 1 0 116 0 0 0 0 -1 -1 2 50
#"drracket:check-syntax:their-obligation-style-pref\0"
0 -1 1 #"\0"
1 0 -1 -1 -1 93 -1 -1 0 1 0 0 0 0 0 0 0 1 1 1 0 116 0 0 0 0 -1 -1 2 48
#"drracket:check-syntax:unk-obligation-style-pref\0"
0 -1 1 #"\0"
1 0 -1 -1 -1 93 -1 -1 0 1 0 0 0 0 0 0 0 1 1 1 0 0 0 0 0 0 -1 -1 2 1
#"\0"
0 -1 1 #"\0"
1 0 -1 -1 -1 93 -1 -1 0 1 0 0 0 0 0 0 0 1 1 1 139 142 28 0 0 0 -1 -1 2
49 #"drracket:check-syntax:both-obligation-style-pref\0"
0 -1 1 #"\0"
1 0 -1 -1 -1 93 -1 -1 0 1 0 0 0 0 0 0 0 1 1 1 139 142 28 0 0 0 -1 -1 2
26 #"plt:htdp:test-coverage-on\0"
0 -1 1 #"\0"
1 0 -1 -1 -1 93 -1 -1 0 1 0 0 0 0 0 0 0 1 1 1 0 0 0 0 0 0 -1 -1 2 1
#"\0"
0 -1 1 #"\0"
1 0 -1 -1 -1 93 -1 -1 0 1 0 0 0 1 0 0 0 0 0 0 255 165 0 0 0 0 -1 -1 2 27
#"plt:htdp:test-coverage-off\0"
0 -1 1 #"\0"
1 0 -1 -1 -1 93 -1 -1 0 1 0 0 0 1 0 0 0 0 0 0 255 165 0 0 0 0 -1 -1 4 1
#"\0"
0 70 1 #"\0"
1.0 0 -1 -1 -1 -1 -1 -1 0 0 0 0 0 0 1.0 1.0 1.0 1.0 1.0 1.0 0 0 0 0 0 0
-1 -1 4 4 #"XML\0"
0 70 1 #"\0"
1.0 0 -1 -1 -1 -1 -1 -1 0 0 0 0 0 0 1.0 1.0 1.0 1.0 1.0 1.0 0 0 0 0 0 0
-1 -1 2 37 #"plt:module-language:test-coverage-on\0"
0 -1 1 #"\0"
1 0 -1 -1 -1 93 -1 -1 0 1 0 0 0 0 0 0 0 1 1 1 0 0 0 0 0 0 -1 -1 2 38
#"plt:module-language:test-coverage-off\0"
0 -1 1 #"\0"
1 0 -1 -1 -1 93 -1 -1 0 1 0 0 0 1 0 0 0 0 0 0 255 165 0 0 0 0 -1 -1 4 1
#"\0"
0 71 1 #"\0"
1.0 0 -1 -1 -1 -1 -1 -1 0 0 0 0 0 0 1.0 1.0 1.0 1.0 1.0 1.0 0 0 0 0 0 0
-1 -1 4 1 #"\0"
0 -1 1 #"\0"
1.0 0 -1 -1 -1 -1 -1 -1 1 0 0 0 0 0 0 0 0 1.0 1.0 1.0 0 0 255 0 0 0 -1
-1 4 1 #"\0"
0 71 1 #"\0"
1.0 0 -1 -1 -1 -1 -1 -1 1 0 0 0 0 0 0 0 0 1.0 1.0 1.0 0 0 255 0 0 0 -1
-1 4 1 #"\0"
0 71 1 #"\0"
1.0 0 -1 -1 -1 -1 -1 -1 0 0 0 0 0 0 0 0 0 1.0 1.0 1.0 0 100 0 0 0 0 -1
-1 2 1 #"\0"
0 -1 1 #"\0"
1.0 0 -1 -1 -1 -1 -1 -1 1 0 0 0 0 0 1.0 1.0 1.0 1.0 1.0 1.0 0 0 0 0 0 0
-1 -1 2 1 #"\0"
0 -1 1 #"\0"
1.0 0 -1 -1 -1 -1 -1 -1 1 0 0 0 0 0 0 0 0 1.0 1.0 1.0 65 105 225 0 0 0
-1 -1 17 1 #"\0"
0 -1 1 #"\0"
1.0 0 -1 -1 -1 -1 -1 -1 0 0 0 0 1 0 0 0 0 0 0 0 0 0 0 255 255 255 -1 -1
24 1 #"\0"
0 -1 1 #"\0"
1.0 0 -1 -1 -1 -1 -1 -1 0 0 0 0 1 0 0 0 0 0 0 0 0 0 0 255 255 255 -1 -1
15 1 #"\0"
0 -1 1 #"\0"
1.0 0 -1 -1 -1 -1 -1 -1 0 0 0 0 1 0 0 0 0 0 0 0 0 0 0 255 255 255 -1 -1
14 1 #"\0"
0 -1 1 #"\0"
1.0 0 -1 -1 -1 -1 -1 -1 0 0 0 0 1 0 0 0 0 0 0 0 0 0 0 255 255 255 -1 -1
44 1 #"\0"
0 -1 1 #"\0"
1.0 0 -1 -1 -1 -1 -1 -1 0 0 0 0 1 0 0 0 0 0 0 0 0 0 0 255 255 255 -1 -1
4 1 #"\0"
0 -1 1 #"\0"
1.0 0 -1 -1 -1 -1 -1 -1 0 0 0 0 1 0 0 0 0 0 0 0 0 0 0 255 255 255 -1 -1
46 1 #"\0"
0 -1 1 #"\0"
1.0 0 -1 -1 -1 -1 -1 -1 0 0 0 0 1 0 0 0 0 0 0 0 0 0 0 255 255 255 -1 -1
          0 113 0 4 3 85
(
 #";; The first three lines of this file were inserted by DrRacket. The"
 #"y record metadata"
) 0 0 4 29 1 #"\n"
0 0 4 3 85
(
 #";; about the language level of this file in a form that our tools ca"
 #"n easily process."
) 0 0 4 29 1 #"\n"
0 0 4 3 174
(
 #"#reader(lib \"htdp-beginner-reader.ss\" \"lang\")((modname tall) (re"
 #"ad-case-sensitive #t) (teachpacks ()) (htdp-settings #(#t constructo"
 #"r repeating-decimal #f #t none #f () #f)))"
) 0 0 4 29 1 #"\n"
0 0 17 3 19 #";; Image -> Boolean"
0 0 24 29 1 #"\n"
0 0 17 3 43 #";; Given image, if height > width then true"
0 0 24 29 1 #"\n"
0 0 24 29 1 #"\n"
0 0 24 3 1 #"("
0 0 15 3 7 #"require"
0 0 24 3 1 #" "
0 0 14 3 11 #"2htdp/image"
0 0 24 3 1 #")"
0 0 24 29 1 #"\n"
0 0 24 29 1 #"\n"
0 0 24 3 1 #"("
0 0 14 3 12 #"check-expect"
0 0 24 3 2 #" ("
0 0 14 3 5 #"tall?"
0 0 24 3 1 #" "
0 2          25 21 1 #"\0"
2 -1.0 -1.0 0.0 0.0 0           7 500
(
 #"\211PNG\r\n\32\n\0\0\0\rIHDR\0\0\08\0\0\0\37\b"
 #"\6\0\0\0\262/\16\220\0\0\v\332IDATX\205\315\230\313o\\Wr"
 #"\306\177u\316\271\217\356f\363MI\24"
 #"%\312\244\250\307\350-\277e\217\344\304"
 #"q\354x\340\314&\t\202\1f\23\344?\b\222EV\231\315\254\222e\26\t\20"
 #" \310\"H\200\t\262\2111\203d\342\31\314\303\230Q,\323\266\244H2\365 "
 #"C\275eR\342\243\273\311\356{\317\251,n7\331\224%\307@f0s\200\323"
 #"\350{n\235\252\372\252\352\336{\276\222"
 #"\353\263\271\362k:\376\2\270xx?K\a*\230\225U\356i?\333z\227\250"
 #".\r\340\252\217x\24\217R]\\g\265\377\321\3477\v\240 ?\373\244\361k"
 #"\v\360\0271\334\312Z\370U\373\360K"
 #"\35nu\275\365\253\366\341\227:\\\255"
 #"\236\3\212\240\300f\265\26\377\244kM\272fgU7\2567\206l\325C[\373"
 #"\246\234>\266C\237\270\332\221\227M\221"
 #".\371n}\241X\223\256\333]\272\234z\a\4D\24U\337\236\332\206\334\6h"
 #"L{\243\1, (\1\244;\20\35\355ac\252\0jP\f*f\303\217N"
 #"0\245+LA\244+\20R\374\252l\201\322\35lQ\333\276\366 \276m\263\343"
 #"\243\240! \306\340\362\274P\242\242x\237\23E\26U%\317=Q\234\20T\t"
 #"^\213\215\332qOP1(\372X\344\5dk\246\301\264eLWV:\201\350"
 #"\6\2705\323\35pV;pi\333S\4\203`@\25$\264uw\2\335\6\250"
 #"\202\250\340\274\n\202\20\202b\304\221e9\225r\5#9\255, b\21\331t"
 #"N7\312\241\35q\321\256\n\22P\333u\265Y\a\233\0;\300=\332\225\377\255"
 #"\231*,\31\5\323\366\257\23\b/\233\225%\322\321\273\tPC\241)\4\17(.W["
) 500
(
 #"\230\366\236(\216\270w\3673\376\361\337"
 #"\377\231\251\251\375<\377\374\213Xg\t\272Yz*\241]\30\6\225v\251v@"
 #"\253\1bT-\210\"\252X<B\330\314\235ZT,a#\263 \4\220\34\360"
 #"\310\6p!`\20-\346F\336\245(}\351\312\354f\346\f\32 (\30\261\370"
 #"\20p\230\30\324\267K\313\262\272\332\344"
 #"\375\237\236%k\301\251\227\316\20E\t\336\347\344y\23$`L\0c\361bh"
 #"\3469!d\30\v\326\b\326\246\370\334\341\\\t\37<y\253N\344\24'\36'"
 #"\233N\343\22\352\255\30\25\320\0\261\5#u\"\327BC\23U\217W\213\220 "
 #"\32\21r\2606F\f\264|\341G\361\270\30\202\n!\24\367}\256\210\b\316\30"
 #"T\3\316J\1P4\20\331\b!\260g|\222?\373\323?\247R\256\20\271\230"
 #"V\263I\232\306\224\322\24c\25k\0245B\323\v\246\5!\4\\d\210\343\302"
 #"!#e\352u\bj\260\306\222\306\20\233@d\n\200\36K\243\25p\21\344\n"
 #"!\264c\353=\320\244\234(A\3\1\213\215\"\262\226#\23\203j\341t\22\31"
 #"T=i9\305{\360\301\342\275A\203\3-\36K\237\347X\27\3\340V\353\353"
 #"X\365\330\274El\205\265Z\215\a\367"
 #"\27\31\36\202\332j\r1\201\331\e\227"
 #"YZ~\300\266m\203\324k5\256\335\270\301\342\303\25v\357\31grj\17."
 #"\22ff.q\355\352M*\345q\366"
 #"\356=\306\344\301\375$\261\362\331\312\3"
 #"\36\334\272\306\345\213\323,/\255\222T"
 #"\206\220d\210\251c_et\327^\360\236<\n\230Pcia\226\331\e\2370"
 #";7C\265\267\237\2444HT\332\301\300\320.v\354\30c\260\257\207r\222s"
 #"\373\326u>\235\235an\376\26\301\307\354\32\333\307\211\23\257R"
 #"\355\31\"xp\316\322\\k\1\1\267\264\274\216%G\263:\245\310"
) 500
(
 #"\262\374\360\21\337\375\336\177p\370\340A"
 #"F\6\373(\227<s\327.p\356\223\217\331>\266\213\325Z\213k33\254\336"
 #"\233glb\234\273w\216Q\252V\231"
 #">\177\201;\323\347\200\230\333/\377\16i9fhx\210\372J\203\v\227n\362"
 #"\336\177\376\234\326\362#(\367@p\334"
 #"y\264\312\353o\274\305@\265\207\332z"
 #"\316\312\362\2\37\235;\307\271\17~\302"
 #"\362\315\253\224\207*\210-\21\367M\360"
 #"\314\276g9\361\\\5/\26m\334\342"
 #"\302\307\357\363\301\364\373\334\231\233\3\237"
 #"0\270\373\30\221\35ar\357q\\\344"
 #"\210\"!d+\210\344\330W\337\376\326\267\2 NpI\314\342\303e~\364\303"
 #"\37\263}h\204\23_\331K5\256q"
 #"\353\346\247\\\272>\317\305\17?\305\r"
 #"\355\343\2557\177\227\243S;X\274;"
 #"\317\ag?fn\261\305\241\27\336\346"
 #"\310\351\267\361\254aB\215\310%\214l"
 #"\337\303\272\257\320\244\312\361g_\345\364"
 #"o\177\215C\307\17\363\340\321=\262l"
 #"\221J\272\316\350\220%\370\6\323\27\256"
 #"\362\375\177\373!\303\273\217\360\207\337\374"
 #"#\316\274x\30\203\347\346\375\32\345\301"
 #"=\364l\337OT\252r\376\303\0370\177c\232m\375\302\37\374\376\333\34=q"
 #"\30\321\224\231\231:\3100;v\355 \313r|\276L)U\2345\21*\201\320"
 #"~q\347A\321\240h\36\20\237#y"
 #"\215\320Z\245\225\265\350\333\373\25\16\36"
 #"{\225\311\3\207\251\326#\256_\372\b"
 #"\232\236\303G_\346\320\311\337 \215\225"
 #"\326\322\f\17o_\245\261z\37\262U\206\6\306qI\225LsZ\3312k\265"
 #"E\210\fYs\21Z\367\210u\230\373\2375\2709?G4\262\213=S\3172"
 #"u\340yF\334\r\326\353K\334]\275\205\211bL\322K#\23.]\271\314"
 #"\362\355k\354\335]e\275\276Jc\315"
 #"\360\331\302C\256}t\237\201\355\3078i"
) 500
(
 #"\17p\357\316\"\313\v3\254\325\36\340"
 #"\342H@\f\330\230$\22\234\1#\212\3Rg\261\32\310ZM\2141\274\366\332"
 #"o2y\3709\3424\246B\37==\275$\303;y\345\2253\214N\364s\377"
 #"~\rIRJ\325\22\225RF\305-\223\350}\352^\371\357\371\207\2546\e\254"
 #",\334\246\345\225\2014\306\264\352\364\270"
 #"uf\27\347i<\274\317\301}\307\31\237\330\a6F50\330\337\303\3043\273"
 #"\230_\312!d\370\314s\367\326M\302\312\n\215m}\\\234\271KF?\365<"
 #"\201\222B\224c\f4\ek\334\275\375\200\205\a\3638k\3J J\35\211\23"
 #"\342\330\229\203s\20\307\26g\r\"J\234$E\226\265x\373\271$\305\330\4"
 #"\260d\231\247\225\201\27%\351\251P["
 #"\360XS\247'\251q\343\352U\276\367"
 #"\323\213\3145\373\230:z\202\251\203\a\211XBVg1\22Hb\213\261J\245"
 #"\34\21\331@\271\344\350\355-Q\366\21H\206\367\353\30\23\21B\v11H\240"
 #"\247\257\237c'O\321\333?\212-\217"
 #"1Vs\274\374\372\b\243\243\223\250\300"
 #"\320\266\1J\351q\326\32{pI\331\341\"\213\327:qbI\3131\236\214 "
 #"9&\6\27E\230\330\342\215\307\244\26"
 #"\"%*\v\21\25\274q\344!\200\201\270\fi\26\23\254E\234A\244A\32\325"
 #"\270y\343\34\237^\374\200\2113\337\340"
 #"\304sG\3319\\f\366\312\317\260\242"
 #"\270\264\204&=\f\217\215S\275\2213"
 #"}\361\34\275\203\303\234<\330\303\302\243"
 #"y\246\317\237\345\354\205Ev\35z\235"
 #"\336\201\36\6\372J\354\334\275\203\265\305"
 #"5\226V2N\235>E\317\320\24+MK#S\254\213\320\34zG\252\f\f"
 #"\247\b\36\227\224\301\305B \241R\212p\211%\210'\243E\334\223P"
 #")Wq\245\204V\310\211RK\337`J\265\ne\355E\235\303\213\222"
) 500
(
 #"\226#\312\25\250\267,Q\34a\223\4u-\\)\1\27P\232\f\367\307\244\246"
 #"\301\362\302C\326\353K\254/=\344\321"
 #"p\211\206\351\241ol\210\235\23\312\317\247/\363?7\2469?\235c\327/s"
 #"m\366S\226\356\324\30;\342\211R\313"
 #"\310\216*/\274\374\"\227?\254\361`\341\36\367\36\334aPzYj@\23K"
 #"\357\300\20}\275\tB\334\236\340\312\275"
 #"`,\264|DT\6\211\35\241\261\212"
 #"\224\34q\265D\\\316\260\245\204\244\222b#\260qNZq$\224\360\6\310\327"
 #"\251\364&\f\rA3w\30\201f\6\255\236*\321\3408\307\277\372&\327\27\3"
 #"g\277\373\35\316\376\323\337\303\216A\16"
 #"\37\331\313\335\aw\231\233\273\316\350\241"
 #"Wy\376\245\3278\365\306$I\245\227"
 #"\367\336\375\27\376\356o\336\345\364K{"
 #"\30\237\334Mub'\276\234\"\221\320;\bo\276\375\26\275\3612?\376\301{"
 #"\374\325\267\377\4\232)\364\215\343\206\366"
 #"\360\365\337\373\6_\373\372\v\254\257\203"
 #"i\37\220\235\272\342|l,\344@\337H\37\357\374\3617\31\37\35\241\225XV"
 #"\3242u\374y\336\32\336\307\344\341C"
 #"\304e\5\3\231\4\236;\363\n\303\373\01622\332G\255\6i\f\a\17\355g"
 #"l[\205\236RL\226\f\260s\3771\336x'a`\327y\26\26\26\30\31\354"
 #"\343\320\221\3\354;\274\227\373\217V\351"
 #"\3379\1i\225\221j?o\274y\232]\39\367\347\367q\364\310n\256\314\336"
 #"\344\326\345\207\330\264E\320u\242\24\6\312\3339\371\312)\\j\27021C}"
 #"\315\341\322m\364\fN0\261w\f\27"
 #"\201\311\331`V\362\267\377\245\252\n\35\372\22[\213\25 xD3\254d\355S"
 #"|\204'B\215\305(\330\320\304\n\4\261x,A\204\240\212\323\34+"
 #"\24\207\344\316\351S\264}\200.\16\335\252J\36\29BK\"\4h"
) 500
(
 #"\255>dm\361\16\275\262N9\366\4"
 #"\311\370\327w\277\317\217\316\315\361\354\351"
 #"w8y\352\267\30\35\333Ao\251\201"
 #"\323\32\221d\30\21\320\4\245L\320\322\306K0\204\366\221-\4\34.\337BS"
 #"\274\344\4\0210\5\317R\215\n\222\216"
 #"\240\232A\310\nE\266C\222\24\21_DK(\16\277\30\20\213\0060\306\09"
 #"\"\241\240\0*\5\227\263\21\202P\360"
 #"\n\317\325\271+\374\365_~\233\265\353"
 #"\227\240\222\26\237\256\314R9\360\"'\236;\311\3703\333\211RP\343XkY"
 #"r\323fA\3306Y\310@\243\202iXP\2\226\200\213J\0261\202\2066\371"
 #"\324\16\211\261\237k\"td\0\304l\336\25\351\246-]\35\206@\233RE\200"
 #" \342\333Q\27\214Z\214\b\16\260\4&&\306x\355\3653|\266\177\17`\310"
 #"MJ\337\266\335L\34<\311\370\324$}#Bc\35\214\263\305\vD\222\202\""
 #"miQ\204\"x\24\354\6\f\362\17\327\213\276\250i\227\230\367\355l\250AD"
 #"\0201\e`\244\vq\a_\27fT\333\35\23\351\344\266kv\332!!`\305"
 #"\340$.J\231\34KN\"\201J\32S_^fm=\303\304U\\\251\202-"
 #"\301R\3\362vf\4\305g9\256]\332\322\3352\242\240_@\233\212)\362\235"
 #"\273\376\261\276\350f\327\344\213\206>A"
 #"\340\361v\223v\1\355\226\22\244MX"
 #"\213\206\206Q\217\301\267-\27\324\b,A\300S\2643B[\337\6\373\357\274D"
 #"\236\352`q\317\305Q\267[\262\301\246"
 #"\267v\302>?\302\27D`\343\326S\266oXS\272x}\207\265\27M\255\255"
 #"]\234\307\203\364t\3176\36\226\316g\242Z\266[\4T\36\313\302\323@|\1"
 #"\300-\306?''\ev\212\321n5<aow\313\360\351\241\376"
 #"\274\335nYWv[\205\36\367\347\2616\343\346\372S\32\342O\356"
) 91
(
 #"n>a\177g>V\306\322-\300\326f\324\227\2\331]\36(\356\346\225\vO"
 #"0\376eT}\tc\233\n\267\254\26\335\270'U\212|\241\345/\357\325\346'"
 #"\314}\362\376O\276\364\266\377\377"
 #"\330\314\305\377\365\214\377\242\306\377\2\37\306,p"
 #"\357\300x\277\0\0\0\0IEND\256B`\202"
) 0 0 24 3 2 #") "
0 0 14 3 5 #"false"
0 0 24 3 1 #")"
0 0 24 29 1 #"\n"
0 0 24 3 1 #"("
0 0 14 3 12 #"check-expect"
0 0 24 3 2 #" ("
0 0 14 3 5 #"tall?"
0 0 24 3 2 #" ("
0 0 14 3 9 #"rectangle"
0 0 24 3 1 #" "
0 0 21 3 3 #"200"
0 0 24 3 1 #" "
0 0 21 3 3 #"500"
0 0 24 3 1 #" "
0 0 19 3 7 #"\"solid\""
0 0 24 3 1 #" "
0 0 19 3 6 #"\"blue\""
0 0 24 3 3 #")) "
0 0 14 3 4 #"true"
0 0 24 3 1 #")"
0 0 24 29 1 #"\n"
0 0 24 3 1 #"("
0 0 14 3 12 #"check-expect"
0 0 24 3 2 #" ("
0 0 14 3 5 #"tall?"
0 0 24 3 2 #" ("
0 0 14 3 6 #"square"
0 0 24 3 1 #" "
0 0 21 3 1 #"2"
0 0 24 3 1 #" "
0 0 21 3 1 #"2"
0 0 24 3 1 #" "
0 0 19 3 5 #"\"red\""
0 0 24 3 3 #")) "
0 0 14 3 5 #"false"
0 0 24 3 1 #")"
0 0 24 29 1 #"\n"
0 0 24 29 1 #"\n"
0 0 17 3 2 #";("
0 0 17 3 6 #"define"
0 0 17 3 2 #" ("
0 0 17 3 4 #"tall"
0 0 17 3 17 #" img) true) ;stub"
0 0 24 29 1 #"\n"
0 0 24 29 1 #"\n"
0 0 17 3 1 #";"
0 0 17 3 1 #"("
0 0 17 3 1 #"d"
0 0 17 3 1 #"e"
0 0 17 3 25 #"fine (tall img) ;template"
0 0 24 29 1 #"\n"
0 0 17 3 13 #";  (... bool)"
0 0 24 29 1 #"\n"
0 0 24 29 1 #"\n"
0 0 24 3 1 #"("
0 0 15 3 6 #"define"
0 0 24 3 2 #" ("
0 0 14 3 5 #"tall?"
0 0 24 3 1 #" "
0 0 14 3 3 #"img"
0 0 24 3 1 #")"
0 0 24 29 1 #"\n"
0 0 24 3 3 #"  ("
0 0 14 3 1 #">"
0 0 24 3 2 #" ("
0 0 14 3 12 #"image-height"
0 0 24 3 1 #" "
0 0 14 3 3 #"img"
0 0 24 3 3 #") ("
0 0 14 3 11 #"image-width"
0 0 24 3 1 #" "
0 0 14 3 3 #"img"
0 0 24 3 3 #")))"
0 0 24 29 1 #"\n"
0 0 24 29 1 #"\n"
0 0 24 3 1 #"("
0 0 14 3 9 #"rectangle"
0 0 24 3 1 #" "
0 0 21 3 2 #"20"
0 0 24 3 1 #" "
0 0 21 3 2 #"50"
0 0 24 3 1 #" "
0 0 19 3 6 #"\"solid"
0 0 19 3 1 #"\""
0 0 24 3 1 #" "
0 0 19 3 1 #"\""
0 0 19 3 5 #"blue\""
0 0 24 3 1 #")"
0           0
